Rank,Team,Rating,Wins,Losses,Schedl,SchedlRank,WvsTop25,LvsTop25,WvsTop50,LvsTop50,Predictor,Predictor_Rank,Golden_Mean,Golden_Mean_Rank,Recent,Recent_Rank
1,Kentucky,94.54,17,3,77.72,27,1,2,4,2,94.88,2,94.00,1,93.79,3
2,West Virginia,94.48,16,4,74.77,64,3,0,5,2,95.02,1,93.71,2,93.48,4
3,North Carolina,93.74,18,3,78.24,19,2,1,7,2,94.03,3,93.27,5,93.02,5
4,Gonzaga,93.29,21,0,71.94,130,4,0,4,0,93.07,5,93.62,4,93.91,1
5,Louisville,93.18,17,4,80.00,6,4,4,6,4,93.39,4,92.80,6,92.71,8
6,Villanova,93.09,19,2,78.27,18,4,1,6,2,92.72,7,93.70,3,93.86,2
7,Virginia,92.68,16,3,78.07,21,2,2,4,2,92.84,6,92.40,8,92.29,9
8,Kansas,92.13,18,2,78.56,15,2,1,6,2,91.78,8,92.72,7,92.74,7
9,Wisconsin,91.31,17,3,77.25,33,0,3,6,3,91.17,10,91.49,10,91.38,10
10,Baylor,91.12,18,1,79.96,7,4,1,10,1,90.50,12,92.31,9,92.83,6
11,Duke,91.08,15,5,76.03,46,1,3,3,4,91.51,9,90.41,11,89.87,14
12,Purdue,90.85,17,4,75.64,51,2,2,3,3,91.15,11,90.35,12,90.13,13
13,Oregon,90.04,18,2,75.52,54,1,1,3,2,89.90,13,90.23,14,90.29,12
14,Arizona,89.29,19,2,75.83,48,1,2,4,2,88.75,18,90.27,13,90.68,11
15,Florida,89.17,15,5,78.53,16,0,3,2,4,89.32,15,88.89,18,88.79,18
16,Cincinnati,88.94,18,2,73.37,90,2,1,3,1,88.82,17,89.10,16,89.14,16
17,UCLA,88.90,19,3,75.00,61,1,2,3,3,88.84,16,88.95,17,89.10,17
18,Wichita State,88.46,17,4,71.79,134,0,1,0,4,89.35,14,87.24,23,86.69,24
19,Butler,88.31,18,3,79.86,8,4,1,9,1,87.85,21,89.12,15,89.64,15
20,Iowa State,88.29,13,6,78.62,14,0,4,4,5,88.65,19,87.70,22,87.43,22
21,Florida State,88.04,18,3,76.77,36,5,1,8,1,87.88,20,88.26,19,88.49,19
22,Notre Dame,87.84,17,4,77.41,31,1,4,6,4,87.65,22,88.11,20,88.24,20
23,Creighton,87.55,17,3,77.57,29,3,1,3,3,87.23,23,88.07,21,88.22,21
24,Xavier-Ohio,86.72,14,6,79.07,11,0,5,5,5,86.60,24,86.86,24,86.76,23
25,Saint Mary's-Cal.,86.15,18,2,70.76,179,0,1,1,1,86.14,28,86.11,26,86.21,26
26,South Carolina,86.14,15,4,77.47,30,1,1,3,2,86.12,29,86.12,25,86.34,25
27,SMU,86.12,18,4,73.75,80,0,1,1,3,86.27,27,85.83,27,85.82,27
28,Indiana,86.06,14,7,74.74,65,2,3,3,5,86.40,25,85.51,29,85.08,31
29,Oklahoma State,86.05,11,8,81.14,1,1,5,4,7,86.29,26,85.62,28,85.56,28
30,Kansas State,85.16,15,5,74.19,73,1,3,2,5,85.04,31,85.31,30,85.55,29
31,Michigan,84.96,14,7,76.39,42,0,2,3,5,85.01,32,84.82,32,84.66,34
32,Marquette,84.94,14,6,77.26,32,2,3,3,4,85.11,30,84.63,33,84.82,33
33,Northwestern,84.78,17,4,74.85,62,0,2,2,4,84.54,33,85.14,31,85.44,30
34,Clemson,83.93,11,8,80.28,4,0,5,2,6,84.16,36,83.52,38,83.44,39
35,Utah,83.93,12,6,74.30,69,0,5,1,5,84.19,34,83.48,39,83.45,38
36,Miami-Florida,83.89,13,6,74.15,74,0,4,0,6,84.17,35,83.42,40,83.21,43
37,Dayton,83.88,14,4,74.24,71,0,1,0,2,83.79,39,83.99,35,83.96,36
38,TCU,83.76,13,6,77.86,24,1,3,2,6,84.10,37,83.21,41,83.29,42
39,Minnesota,83.53,15,6,76.71,38,1,2,3,4,83.35,40,83.79,36,84.07,35
40,Texas Tech,83.47,14,6,73.28,96,1,3,3,4,83.84,38,82.86,45,82.62,47
41,Maryland,83.23,17,2,74.53,68,0,0,5,0,82.48,47,84.57,34,84.95,32
42,Arkansas,83.21,16,4,74.23,72,0,2,0,3,83.00,43,83.52,37,83.56,37
43,Michigan State,83.11,12,9,79.48,10,1,5,4,6,83.04,42,83.18,42,82.83,45
44,Wake Forest,82.80,12,8,79.01,12,0,5,1,8,82.98,44,82.48,47,82.63,46
45,Illinois State,82.63,16,4,72.58,112,1,0,1,1,82.50,46,82.79,46,82.94,44
46,Virginia Tech,82.46,15,5,75.62,53,1,3,4,3,82.09,50,83.03,43,83.32,40
47,VCU(Va. Commonwealth),82.45,15,5,73.11,100,0,1,0,1,82.60,45,82.14,48,82.04,49
48,Syracuse,82.39,12,9,75.10,59,0,3,2,6,83.25,41,81.14,55,80.35,63
49,Georgetown,81.98,11,10,78.50,17,2,4,3,7,82.32,49,81.41,54,81.10,56
50,Southern California,81.90,18,4,74.26,70,1,2,2,3,81.31,58,82.90,44,83.30,41
51,Ohio State,81.88,13,8,75.89,47,0,4,2,6,81.92,52,81.77,53,81.62,52
52,California,81.84,14,6,73.66,82,0,4,1,4,81.79,54,81.87,49,81.75,51
53,Georgia,81.82,11,8,77.82,25,0,2,0,5,81.82,53,81.78,52,81.61,53
54,Houston,81.80,14,7,72.60,110,0,1,0,3,82.47,48,80.78,58,80.47,60
55,Seton Hall,81.54,13,7,76.83,35,0,4,2,5,81.34,57,81.82,51,81.79,50
56,Rhode Island,81.50,12,7,73.60,83,1,1,1,2,81.96,51,80.75,60,80.46,61
57,Tennessee,81.28,10,9,80.71,2,1,5,1,7,81.64,55,80.67,61,80.76,57
58,NC Wilmington,81.26,18,2,71.04,164,0,0,0,1,80.90,60,81.83,50,82.29,48
59,Oklahoma,81.19,8,11,80.27,5,1,5,3,7,81.54,56,80.61,62,80.12,64
60,Texas A&M,80.86,11,8,75.65,50,0,3,1,6,80.87,61,80.79,57,80.49,59
61,Alabama,80.54,12,7,75.21,57,0,2,0,4,80.53,62,80.49,63,80.52,58
62,Texas,80.47,8,12,79.50,9,0,4,1,9,81.03,59,79.59,69,78.82,74
63,Middle Tennessee,80.40,17,3,71.34,153,0,0,0,1,80.15,65,80.77,59,81.16,55
64,Nevada,80.18,17,4,72.36,120,0,1,0,1,79.75,66,80.86,56,81.22,54
65,Vanderbilt,79.99,9,11,78.93,13,1,2,1,6,80.27,64,79.50,71,79.15,71
66,BYU,79.84,15,7,70.63,186,0,1,0,2,80.44,63,78.89,73,78.42,77
67,Providence,79.73,13,9,76.33,44,0,5,2,5,79.64,67,79.82,67,79.91,67
68,NC State,79.66,14,7,73.91,79,1,2,2,4,79.34,69,80.16,64,80.05,66
69,Illinois,79.58,12,8,78.00,22,0,3,2,7,79.23,72,80.12,65,80.45,62
70,Memphis,79.35,15,6,72.49,117,0,0,1,1,79.10,73,79.73,68,79.82,69
71,San Diego State,79.12,10,8,72.47,119,0,1,0,1,79.41,68,78.62,74,78.17,81
72,Pittsburgh,78.92,12,8,78.08,20,1,3,3,6,78.36,75,79.83,66,79.90,68
73,Central Florida(UCF),78.90,14,6,70.83,174,0,1,0,2,79.24,71,78.32,80,78.41,78
74,East Tennessee State(ETS,78.73,14,5,69.73,221,0,0,0,1,79.27,70,77.85,87,77.89,86
75,Valparaiso,78.46,15,4,70.14,209,0,2,0,2,78.02,77,79.15,72,79.26,70
76,Colorado,78.36,10,10,75.17,58,1,3,1,5,78.55,74,77.99,83,77.60,89
77,Georgia Tech,78.17,12,8,78.00,23,2,3,4,4,77.38,88,79.52,70,80.10,65
78,Iowa,78.15,11,10,76.42,41,2,3,3,5,77.99,79,78.36,79,78.23,80
79,Auburn,78.10,13,7,75.63,52,0,2,1,3,77.81,81,78.51,76,78.74,76
80,Mississippi State,78.09,13,6,71.70,141,0,1,1,1,78.07,76,78.07,82,78.08,83
81,Vermont,78.04,16,5,70.54,191,0,1,0,2,77.68,83,78.59,75,78.95,73
82,Penn State,77.99,11,10,77.71,28,0,4,2,7,78.00,78,77.93,85,78.00,85
83,Mississippi,77.93,12,8,76.26,45,0,3,0,5,77.68,82,78.29,81,78.26,79
84,Texas-Arlington,77.68,13,5,71.65,143,1,0,1,2,77.49,86,77.93,84,78.13,82
85,Akron,77.67,16,3,68.70,269,0,2,0,2,77.19,92,78.43,78,78.74,75
86,Davidson,77.61,10,8,72.81,106,0,2,1,3,77.87,80,77.15,92,76.91,93
87,Stanford,77.52,10,9,77.73,26,0,5,0,8,77.25,91,77.93,86,78.01,84
88,St. Bonaventure,77.47,13,6,70.52,192,0,1,0,2,77.42,87,77.51,88,77.53,90
89,Connecticut,77.37,8,11,76.53,39,0,1,1,4,77.59,85,76.97,94,76.44,96
90,Temple,77.37,11,10,76.74,37,2,3,2,4,77.29,89,77.44,90,77.42,91
91,Princeton,77.28,9,6,71.79,135,0,0,0,1,77.64,84,76.66,96,76.42,98
92,New Mexico State,77.22,17,2,67.42,313,0,0,0,0,76.49,97,78.44,77,78.95,72
93,Monmouth-NJ,77.16,16,5,69.62,226,0,1,0,3,76.92,95,77.50,89,77.72,87
94,Nebraska,77.08,8,11,80.52,3,0,3,3,8,77.28,90,76.70,95,76.63,94
95,St. John's,76.72,10,12,76.51,40,1,3,2,7,76.99,94,76.25,99,76.15,101
96,New Mexico,76.72,13,8,72.98,103,0,1,0,4,76.28,98,77.40,91,77.62,88
97,Belmont,76.54,14,4,69.43,234,0,1,0,1,76.22,99,77.03,93,77.28,92
98,Boise State,76.52,11,7,73.59,85,0,1,1,1,76.57,96,76.37,97,76.29,100
99,Louisiana Tech,76.47,12,7,66.29,335,0,0,0,1,77.18,93,75.35,107,75.23,110
100,Oakland-Mich.,75.97,13,6,69.03,255,0,0,0,1,76.03,102,75.84,103,75.74,103
101,Richmond,75.94,12,8,73.31,95,0,0,0,4,75.65,104,76.37,98,76.44,97
102,Loyola-Chicago,75.92,13,7,71.05,163,0,1,0,2,76.16,100,75.48,105,75.64,105
103,Ohio,75.88,11,6,69.39,237,0,0,0,0,76.05,101,75.55,104,75.54,106
104,Chattanooga,75.69,13,5,69.32,239,0,1,0,1,75.52,105,75.91,102,75.99,102
105,College of Charleston,75.52,15,6,71.20,158,0,1,0,2,75.17,110,76.04,101,76.41,99
106,Washington,75.41,9,11,73.32,92,0,2,0,5,75.77,103,74.81,112,74.29,124
107,Arizona State,75.41,10,11,77.19,34,0,5,0,7,75.33,106,75.48,106,75.48,107
108,La Salle,75.33,11,7,73.51,88,0,1,0,4,74.76,114,76.23,100,76.55,95
109,Yale,75.24,9,6,71.88,133,0,1,0,1,75.20,109,75.26,109,75.28,108
110,Bucknell,75.18,16,6,69.22,243,0,1,0,2,75.08,112,75.30,108,75.66,104
111,Fresno State,75.16,11,7,72.14,126,0,1,0,2,75.11,111,75.19,110,75.21,111
112,Fort Wayne(IPFW),75.13,12,7,69.00,257,0,1,1,3,75.32,107,74.79,114,74.68,117
113,San Francisco,74.94,13,8,70.66,184,0,3,2,3,75.21,108,74.45,122,74.66,119
114,Missouri State,74.78,13,8,69.55,230,0,0,0,2,74.91,113,74.51,120,74.42,123
115,Massachusetts,74.77,12,9,71.79,136,0,0,1,1,74.66,117,74.88,111,74.98,112
116,Tulsa,74.71,11,8,73.55,87,0,1,1,3,74.72,116,74.63,117,74.68,118
117,Lehigh,74.66,11,8,70.61,189,0,1,0,1,74.74,115,74.47,121,74.64,120
118,Saint Joseph's-Pa.,74.61,9,10,75.30,56,0,1,0,2,74.50,118,74.74,115,74.71,116
119,Colorado State,74.55,11,8,71.48,150,0,1,0,2,74.42,119,74.70,116,74.79,114
120,Harvard,74.24,8,5,70.46,193,0,0,0,0,74.27,121,74.14,126,74.08,130
121,Marshall,74.22,12,8,70.90,173,0,1,0,1,74.32,120,73.99,128,74.09,129
122,UAB,74.09,12,8,71.56,148,0,2,0,2,73.75,128,74.60,118,74.60,121
123,NC Asheville,74.07,13,7,69.51,231,0,1,0,2,73.82,127,74.42,123,74.84,113
124,Arkansas State,73.95,13,6,71.22,157,0,0,1,2,74.03,125,73.78,130,74.16,128
125,Old Dominion,73.94,12,8,71.69,142,0,1,0,2,73.82,126,74.07,127,74.16,127
126,Eastern Michigan,73.91,8,8,72.58,113,0,0,0,2,74.14,122,73.49,133,73.43,136
127,Florida Gulf Coast,73.90,13,6,70.56,190,0,2,0,3,73.62,129,74.29,124,74.56,122
128,Winthrop,73.86,14,4,68.22,291,0,1,0,2,73.27,136,74.79,113,75.27,109
129,Northeastern,73.81,12,9,70.28,199,0,0,1,0,74.03,124,73.40,135,73.38,138
130,Furman,73.72,11,8,69.80,217,0,0,0,1,74.09,123,73.07,141,73.29,141
131,George Washington,73.71,11,9,74.05,75,0,1,0,3,73.14,137,74.60,119,74.78,115
132,Northern Iowa,73.51,8,11,75.44,55,0,4,0,4,73.34,134,73.73,131,73.42,137
133,Rutgers,73.50,11,9,73.60,84,0,1,0,6,73.48,132,73.47,134,73.67,133
134,Iona,73.48,13,8,69.78,219,0,1,0,1,73.53,131,73.33,138,73.30,140
135,George Mason,73.44,12,7,71.28,155,0,0,0,1,73.13,138,73.88,129,74.18,126
136,Towson,73.40,12,9,71.04,166,0,0,0,1,73.40,133,73.34,137,73.37,139
137,CS Bakersfield,73.31,10,7,68.69,270,0,1,0,2,73.54,130,72.89,143,72.98,144
138,North Dakota State,73.22,13,6,70.33,197,0,1,0,2,72.96,141,73.60,132,73.81,132
139,Wyoming,73.21,12,7,71.33,154,0,0,0,1,73.12,139,73.32,139,73.59,135
140,UC Irvine,72.94,11,10,70.80,177,0,2,0,2,73.29,135,72.34,148,72.02,152
141,LSU,72.93,9,10,76.35,43,0,2,0,5,72.13,150,74.19,125,74.21,125
142,Tennessee State,72.90,11,8,69.78,218,0,1,0,1,72.82,145,72.98,142,73.03,143
143,Boston College,72.88,9,12,75.08,60,0,3,1,7,73.00,140,72.64,146,72.64,146
144,Georgia State,72.88,10,7,70.91,172,0,1,0,1,72.55,147,73.38,136,73.62,134
145,Elon,72.70,11,9,70.91,171,0,1,0,2,72.88,142,72.35,147,72.49,147
146,Louisiana-Lafayette,72.68,11,7,69.50,232,0,0,0,1,72.53,148,72.86,144,73.07,142
147,Weber State,72.67,9,7,70.23,201,0,0,0,0,72.65,146,72.66,145,72.76,145
148,Rice,72.63,11,8,68.85,264,0,0,0,1,72.88,143,72.16,151,72.35,150
149,Toledo,72.39,10,9,71.74,138,0,0,0,0,72.42,149,72.30,149,72.25,151
150,Kent State,72.35,10,9,68.98,259,0,0,0,0,72.87,144,71.45,155,71.24,160
151,Georgia Southern,72.31,12,6,69.81,215,0,0,0,1,71.68,156,73.28,140,73.82,131
152,Santa Clara,72.10,11,10,71.04,165,0,2,0,2,71.96,152,72.27,150,72.39,149
153,Utah State,71.87,7,11,73.18,98,0,1,0,2,71.97,151,71.64,154,71.39,159
154,NC Central,71.43,10,6,66.30,334,0,0,0,0,71.76,155,70.85,165,71.19,162
155,Southern Illinois,71.36,10,11,71.43,151,0,2,0,5,71.11,164,71.71,153,71.73,154
156,Albany-NY,71.35,11,10,69.11,250,0,1,0,2,71.50,158,71.05,161,71.03,164
157,Wright State,71.28,12,7,70.15,208,0,0,0,0,70.75,170,72.08,152,72.39,148
158,Evansville,71.27,8,12,72.49,116,0,2,0,3,71.83,153,70.31,176,70.04,180
159,Ball State,71.26,12,7,66.27,336,0,0,0,0,71.14,162,71.41,156,71.52,156
160,Denver,71.18,13,8,68.25,289,0,0,0,0,71.13,163,71.21,158,71.56,155
161,Buffalo,71.14,7,11,72.60,109,0,2,0,2,71.25,161,70.91,164,70.72,171
162,DePaul,71.11,8,12,73.13,99,0,2,0,4,71.60,157,70.27,178,69.87,184
163,Pennsylvania,70.98,7,9,71.89,132,0,1,0,2,71.34,160,70.36,175,70.26,175
164,William & Mary,70.98,8,9,72.74,108,0,2,0,2,70.90,169,71.04,162,70.97,166
165,Canisius,70.96,12,9,70.18,205,0,1,0,1,70.96,166,70.92,163,71.23,161
166,Wofford,70.96,6,12,73.31,94,0,0,0,2,71.40,159,70.19,180,70.09,179
167,Samford,70.88,11,8,68.88,263,0,2,0,2,70.92,168,70.77,166,71.06,163
168,South Dakota,70.85,12,9,69.89,212,0,1,0,1,70.62,172,71.17,160,71.48,157
169,Northern Kentucky,70.81,11,8,68.45,280,0,1,0,1,70.98,165,70.48,173,70.63,174
170,Missouri,70.79,5,14,73.18,97,0,2,0,3,71.78,154,69.11,196,68.45,210
171,Saint Peter's,70.69,12,9,68.26,288,0,1,0,2,70.72,171,70.59,171,70.76,170
172,NC Greensboro,70.69,13,6,68.67,272,0,1,0,3,70.26,181,71.34,157,71.82,153
173,Loyola Marymount,70.63,9,10,71.01,167,0,2,0,2,70.55,173,70.72,168,70.72,172
174,New Hampshire,70.45,11,7,68.09,295,0,1,0,1,69.96,184,71.17,159,71.47,158
175,Indiana State,70.42,6,14,75.68,49,1,3,1,5,70.93,167,69.52,192,69.09,199
176,Grand Canyon,70.33,12,8,66.83,325,0,3,0,3,70.48,174,70.03,184,69.91,183
177,Northern Illinois,70.30,9,8,68.68,271,0,0,0,1,70.28,179,70.29,177,70.26,176
178,Siena,70.23,9,12,71.26,156,0,1,0,1,70.33,177,70.03,183,69.95,182
179,Green Bay,70.20,10,8,69.41,235,0,1,0,2,69.87,185,70.69,170,70.70,173
180,Murray State,70.15,9,11,69.03,254,0,0,1,0,70.29,178,69.86,185,69.73,187
181,Troy,70.09,9,10,69.63,225,0,0,0,1,70.33,176,69.63,189,69.83,185
182,Montana,70.08,10,12,69.68,223,0,1,0,2,70.35,175,69.57,191,69.48,192
183,East Carolina,70.07,10,11,70.62,188,0,2,0,3,69.98,183,70.15,182,70.01,181
184,Boston U.,70.06,10,10,69.10,251,0,0,0,1,70.26,180,69.67,188,69.59,190
185,Omaha(Neb.-Omaha),69.97,10,10,72.58,114,0,1,0,3,69.48,190,70.70,169,70.97,167
186,UNLV,69.93,10,11,71.91,131,0,3,0,4,69.73,189,70.21,179,70.20,178
187,Hofstra,69.92,9,12,70.23,202,0,1,0,1,70.07,182,69.62,190,69.40,194
188,Mercer,69.80,7,12,73.31,93,0,1,0,2,69.85,187,69.67,187,69.70,188
189,Central Michigan,69.74,11,7,69.30,241,0,0,0,0,69.21,192,70.54,172,70.85,169
190,Eastern Washington,69.71,12,7,69.44,233,0,1,0,2,69.20,193,70.46,174,70.93,168
191,Air Force,69.66,8,11,70.96,169,0,0,0,0,69.86,186,69.29,195,69.23,195
192,Sam Houston State,69.55,11,6,67.41,314,0,1,0,2,68.76,200,70.74,167,71.00,165
193,Washington State,69.52,9,10,73.96,78,0,3,0,5,69.09,196,70.16,181,70.21,177
194,Morehead State,69.48,7,12,70.79,178,0,1,0,1,69.82,188,68.87,199,68.62,205
195,Fordham,69.41,8,11,71.97,129,0,0,1,0,69.16,195,69.77,186,69.75,186
196,UC Davis,69.12,10,8,69.04,253,0,0,0,0,68.85,199,69.51,193,69.64,189
197,IUPUI,69.11,7,13,72.17,124,0,0,0,4,69.38,191,68.62,206,68.53,207
198,North Dakota,69.11,9,7,68.57,275,0,0,0,0,68.96,197,69.30,194,69.50,191
199,Lipscomb,68.81,9,11,69.64,224,0,1,0,1,69.17,194,68.17,211,68.32,212
200,Navy,68.69,10,10,68.52,279,0,0,0,0,68.94,198,68.22,210,68.47,209
201,Little Rock,68.68,10,8,67.09,322,0,1,0,1,68.42,204,69.05,197,68.97,200
202,Texas Southern,68.55,10,10,72.82,105,0,4,0,5,68.26,209,68.96,198,69.16,197
203,Jacksonville State,68.55,11,10,70.44,194,0,0,0,2,68.32,207,68.86,200,69.41,193
204,Duquesne,68.51,9,12,70.16,207,0,1,0,3,68.40,206,68.66,204,68.65,204
205,Illinois-Chicago,68.46,9,9,68.53,278,0,0,0,0,68.44,203,68.43,207,68.44,211
206,Oral Roberts,68.35,5,15,74.78,63,0,2,0,3,68.68,201,67.76,219,67.64,221
207,Tennessee-Martin,68.30,13,8,68.36,281,0,1,0,2,67.93,212,68.83,201,69.22,196
208,Charlotte,68.27,9,9,70.43,195,0,1,0,3,67.93,211,68.75,203,68.86,201
209,Columbia,68.21,6,8,68.26,287,0,0,0,1,68.27,208,68.06,214,67.85,219
210,Holy Cross,68.20,11,11,69.74,220,0,0,0,2,67.80,217,68.78,202,69.11,198
211,Utah Valley,68.18,7,10,70.39,196,0,1,0,2,68.49,202,67.61,224,67.63,222
212,Coastal Carolina,68.16,7,11,72.22,123,0,0,0,1,67.83,214,68.64,205,68.76,203
213,UMBC,68.14,11,7,67.36,316,0,0,0,1,68.13,210,68.11,212,68.50,208
214,Rider,68.12,12,9,67.52,311,0,0,0,0,67.91,213,68.40,208,68.62,206
215,Long Beach State,68.01,7,14,74.58,67,0,5,0,5,67.80,216,68.29,209,67.98,216
216,Western Michigan,67.97,5,13,74.03,76,0,2,0,2,68.40,205,67.20,225,66.92,229
217,San Jose State,67.62,7,10,71.97,128,0,1,0,1,67.54,219,67.70,220,67.99,215
218,Stony Brook-NY,67.52,11,9,68.00,296,0,0,0,1,67.30,224,67.82,217,68.21,213
219,Fairfield,67.49,8,10,70.26,200,0,0,0,0,67.24,227,67.84,216,67.84,220
220,South Dakota State,67.49,7,14,71.39,152,0,1,0,1,67.36,222,67.65,222,67.35,224
221,Pacific,67.47,7,14,72.49,118,0,3,0,3,67.34,223,67.62,223,67.53,223
222,San Diego,67.46,9,11,71.16,160,0,3,0,4,67.29,225,67.67,221,68.05,214
223,Stephen F. Austin,67.34,7,10,67.39,315,0,1,0,3,67.46,220,67.10,227,66.79,233
224,Portland State,67.31,8,7,66.86,324,0,0,0,0,67.57,218,66.84,231,66.99,228
225,New Orleans,67.31,9,7,68.97,260,0,0,0,3,66.78,234,68.09,213,68.85,202
226,Mount St. Mary's,67.27,10,12,70.63,185,0,2,0,5,67.38,221,67.02,228,67.19,226
227,Portland,67.24,8,12,71.76,137,0,4,0,5,66.85,231,67.80,218,67.87,218
228,Drake,67.23,6,13,71.74,139,0,2,0,3,67.83,215,66.18,242,66.21,239
229,Western Kentucky,67.11,10,11,70.07,210,0,1,0,1,66.58,239,67.90,215,67.94,217
230,Gardner-Webb,67.02,8,11,68.83,266,0,0,0,2,67.13,229,66.78,232,66.79,232
231,Eastern Illinois,66.97,7,12,68.33,283,0,0,0,0,67.24,226,66.48,235,66.29,238
232,Liberty,66.90,9,10,68.23,290,0,0,0,2,66.83,232,66.97,229,67.09,227
233,James Madison,66.83,5,16,71.12,162,0,0,0,0,67.09,230,66.35,237,66.03,242
234,Bradley,66.74,7,14,73.57,86,0,1,0,3,66.47,241,67.11,226,67.30,225
235,CS Northridge,66.68,7,11,70.06,211,0,1,0,1,66.48,240,66.94,230,66.88,230
236,Cleveland State,66.62,5,15,72.75,107,0,2,0,2,66.71,235,66.41,236,66.41,237
237,Drexel,66.62,7,13,70.81,176,0,0,0,0,66.63,237,66.54,233,66.52,234
238,Army,66.52,7,13,67.80,303,0,1,0,1,67.21,228,65.28,254,65.08,255
239,Oregon State,66.51,3,17,73.72,81,0,2,0,3,66.59,238,66.34,238,65.71,249
240,Bowling Green,66.47,7,12,69.55,229,0,1,0,1,66.66,236,66.10,243,65.90,244
241,Montana State,66.40,8,12,67.72,307,0,0,0,1,66.80,233,65.66,247,65.63,251
242,South Alabama,66.31,7,11,69.31,240,0,0,0,0,66.30,242,66.27,240,66.20,240
243,Texas A&M-CorpusChristi,66.25,7,9,67.94,297,0,1,0,2,66.06,244,66.50,234,66.46,235
244,USC Upstate,66.13,10,9,68.17,292,0,0,0,1,65.97,246,66.32,239,66.84,231
245,Texas State,66.10,9,8,65.85,338,0,0,0,0,66.19,243,65.90,244,66.09,241
246,Idaho,65.89,7,10,67.88,300,0,0,0,0,65.90,248,65.84,245,65.72,248
247,Quinnipiac,65.82,8,12,69.84,214,0,1,0,1,65.96,247,65.52,250,65.64,250
248,Fairleigh Dickinson,65.79,9,10,68.94,261,0,1,0,1,65.47,255,66.24,241,66.42,236
249,NJIT(New Jersey Tech),65.71,7,13,69.17,247,0,1,0,2,65.98,245,65.22,255,65.04,256
250,Manhattan,65.52,8,14,69.19,246,0,2,0,2,65.50,254,65.50,251,65.40,252
251,Tennessee Tech,65.50,7,14,69.02,256,0,0,0,1,65.88,249,64.82,261,64.57,267
252,Loyola-Maryland,65.49,9,10,69.25,242,0,2,0,2,65.31,257,65.73,246,65.91,243
253,Wagner,65.49,7,11,66.21,337,0,0,0,0,65.71,251,65.07,257,64.93,259
254,SE Missouri State(SEMO),65.30,8,13,68.76,268,0,0,0,1,65.85,250,64.31,273,64.39,272
255,Appalachian State,65.29,4,12,72.33,121,0,1,0,1,65.60,252,64.72,264,64.73,262
256,Tulane,65.28,4,16,74.71,66,0,3,0,4,65.55,253,64.78,262,64.58,266
257,SE Louisiana,65.23,10,9,64.92,348,0,0,0,0,65.38,256,64.92,259,65.10,254
258,Miami-Ohio,65.22,7,11,69.33,238,0,0,0,0,65.21,258,65.17,256,65.15,253
259,Kansas City(UMKC),65.20,8,12,70.94,170,0,3,0,3,64.92,262,65.60,248,65.88,245
260,Pepperdine,65.17,5,15,72.16,125,0,2,0,3,64.98,260,65.43,252,65.02,258
261,Long Island U.(LIU),65.12,13,8,65.12,347,0,0,0,1,64.81,264,65.56,249,65.84,246
262,Brown,65.01,8,9,67.13,320,0,1,0,1,64.72,266,65.41,253,65.74,247
263,South Florida,64.92,6,13,70.75,181,0,0,0,2,65.10,259,64.57,266,64.23,273
264,Houston Baptist,64.87,5,11,71.60,146,0,0,0,4,64.79,265,64.96,258,65.04,257
265,Cornell,64.81,4,12,71.57,147,0,0,0,2,64.96,261,64.50,270,64.47,270
266,Milwaukee,64.78,6,14,70.62,187,0,0,0,0,64.90,263,64.52,269,64.55,269
267,Hawai'i,64.70,7,11,66.46,331,0,1,0,3,64.69,267,64.66,265,64.45,271
268,North Florida(UNF),64.69,5,14,73.04,102,0,1,0,4,64.52,271,64.91,260,64.86,261
269,Niagara,64.39,7,15,67.88,301,0,0,0,0,64.57,270,64.03,274,64.22,274
270,Louisiana-Monroe,64.36,4,14,70.70,183,0,0,0,1,64.67,268,63.80,277,63.52,283
271,UC Riverside,64.34,5,11,70.21,204,0,1,0,2,64.04,275,64.77,263,64.90,260
272,Florida Atlantic,64.16,4,13,68.63,274,0,0,0,1,64.66,269,63.25,287,63.11,289
273,Eastern Kentucky,64.15,7,14,70.81,175,0,1,0,2,63.85,279,64.57,267,64.55,268
274,High Point,64.12,8,10,67.23,318,0,0,0,2,63.81,281,64.56,268,64.67,264
275,Jacksonville,64.09,10,9,64.15,350,0,0,0,0,64.09,274,64.03,275,64.13,276
276,Northwestern State,64.02,5,9,69.20,244,0,0,0,0,63.69,282,64.48,271,64.69,263
277,Kennesaw State,64.01,7,13,68.14,293,0,0,0,1,64.21,272,63.63,279,63.83,279
278,Saint Francis-Pa.,63.90,7,12,66.82,327,0,0,0,1,64.18,273,63.38,284,63.60,281
279,Bryant,63.75,6,15,68.81,267,0,2,0,3,63.99,276,63.31,285,63.24,285
280,Northern Colorado,63.65,5,13,69.81,216,0,2,0,2,63.88,277,63.22,288,63.23,286
281,Lamar,63.57,8,9,65.77,339,0,0,0,0,63.61,284,63.46,282,63.95,278
282,Colgate,63.56,5,16,69.13,248,0,1,0,2,63.88,278,62.96,291,62.77,292
283,Saint Louis,63.55,6,14,73.39,89,0,1,0,3,62.96,291,64.38,272,64.60,265
284,Detroit,63.51,3,16,73.09,101,0,1,0,1,63.54,286,63.39,283,63.17,287
285,Cal Poly-SLO,63.44,4,14,71.60,145,0,0,0,0,63.51,287,63.29,286,63.29,284
286,Campbell,63.37,8,10,65.56,340,0,0,0,1,63.09,289,63.75,278,64.16,275
287,Seattle,63.32,6,11,68.31,285,0,1,0,1,63.39,288,63.15,289,63.09,290
288,UTEP,63.31,4,14,67.70,308,0,0,0,1,63.81,280,62.37,296,61.73,301
289,UMass Lowell,63.28,8,14,66.52,330,0,0,0,1,63.54,285,62.80,294,62.74,294
290,Delaware,63.13,6,14,71.18,159,0,0,0,0,62.59,296,63.89,276,64.06,277
291,Binghamton-NY,63.12,8,11,67.53,310,0,0,0,1,62.78,293,63.60,280,63.77,280
292,Fla. International,63.06,3,16,67.93,298,0,0,0,1,63.67,283,61.92,302,61.52,305
293,Radford,62.95,7,12,69.59,227,0,2,0,3,62.59,297,63.47,281,63.57,282
294,CS Fullerton,62.90,6,11,66.74,328,0,0,0,0,62.84,292,62.95,292,62.76,293
295,Austin Peay,62.89,5,15,71.14,161,0,0,0,3,62.71,294,63.13,290,63.12,288
296,Robert Morris,62.85,7,15,68.84,265,0,1,0,2,63.08,290,62.42,295,62.28,298
297,Youngstown State,62.64,7,13,69.72,222,0,0,0,1,62.44,301,62.89,293,62.99,291
298,Western Illinois,62.42,4,13,70.18,206,0,1,0,2,62.44,302,62.32,297,62.35,296
299,UC Santa Barbara,62.41,2,15,72.24,122,0,1,0,3,62.54,299,62.14,299,61.56,304
300,UTSA,62.40,7,11,67.90,299,0,0,0,1,62.48,300,62.21,298,62.33,297
301,North Texas,62.36,4,14,69.55,228,0,0,0,1,62.58,298,61.93,301,61.67,302
302,UTRGV,62.32,7,13,67.30,317,0,0,0,0,62.41,303,62.12,300,62.40,295
303,American U.,62.24,5,15,67.82,302,0,1,0,2,62.68,295,61.43,307,61.06,310
304,Abilene Christian,62.14,4,11,66.82,326,0,0,0,0,62.27,304,61.88,303,61.84,300
305,Dartmouth,61.99,3,12,68.99,258,0,0,0,0,62.19,305,61.61,305,61.36,308
306,Southern U.,61.90,7,11,64.81,349,0,1,0,1,62.13,307,61.45,306,61.29,309
307,Charleston Southern,61.78,4,13,67.77,304,0,1,0,2,62.16,306,61.08,311,60.93,311
308,Incarnate Word,61.58,5,10,68.34,282,0,0,0,1,61.64,308,61.42,308,61.59,303
309,Marist,61.32,6,15,69.86,213,0,1,0,1,60.95,310,61.83,304,61.88,299
310,Norfolk State,61.20,5,13,69.06,252,0,2,0,2,61.09,309,61.31,309,61.42,306
311,Md.-Eastern Shore(UMES),60.60,4,14,72.55,115,0,1,0,3,60.82,311,60.17,317,60.18,316
312,SIU-Edwardsville,60.48,4,16,69.11,249,0,0,0,2,60.63,312,60.19,316,60.04,318
313,Sacred Heart,60.44,8,14,65.31,343,0,1,0,1,60.60,313,60.11,318,60.05,317
314,Sacramento State,60.39,4,12,68.56,277,0,0,0,0,60.23,315,60.60,312,60.60,314
315,Central Arkansas,60.29,4,17,71.74,140,0,2,0,4,60.31,314,60.21,315,60.42,315
316,McNeese State,60.26,4,12,70.31,198,0,1,0,2,59.66,318,61.10,310,61.38,307
317,VMI,59.95,3,14,71.54,149,0,1,0,3,60.09,316,59.67,322,59.69,324
318,Idaho State,59.91,2,16,72.02,127,0,1,0,2,59.90,317,59.88,320,59.72,323
319,The Citadel,59.80,6,13,70.22,203,0,1,0,2,59.46,321,60.27,313,60.60,313
320,Alcorn State,59.68,5,11,68.13,294,0,0,0,0,59.59,320,59.77,321,60.01,321
321,Nicholls State,59.58,6,11,71.01,168,0,1,0,2,59.10,324,60.24,314,60.88,312
322,Jackson State,59.49,5,12,66.92,323,0,1,0,1,59.63,319,59.21,327,58.95,328
323,Hampton,59.47,4,13,67.16,319,0,0,0,1,59.45,322,59.44,325,59.29,327
324,Stetson,59.43,5,14,67.76,305,0,0,0,0,59.05,325,59.95,319,60.04,319
325,Prairie View A&M,59.28,4,15,70.71,182,0,2,0,4,59.33,323,59.15,328,59.30,326
326,Southern Miss,59.19,4,14,69.20,245,0,1,0,1,59.01,326,59.42,326,59.42,325
327,Morgan State,58.88,7,11,65.21,345,0,0,0,0,58.44,329,59.50,324,59.85,322
328,Chicago State,58.57,3,17,72.84,104,0,2,0,3,58.57,328,58.52,329,58.78,329
329,Howard,58.36,3,15,72.60,111,0,0,0,5,58.31,330,58.38,331,58.15,334
330,SC State,58.17,4,13,73.97,77,0,2,0,6,57.92,332,58.51,330,58.53,330
331,Southern Utah,58.14,2,17,68.56,276,0,0,0,0,58.66,327,57.13,336,56.97,336
332,Western Carolina,58.13,4,15,73.32,91,0,1,0,3,56.97,338,59.62,323,60.01,320
333,Hartford,58.03,6,16,67.09,321,0,0,0,0,57.87,333,58.22,333,58.41,331
334,Northern Arizona,57.96,4,16,67.74,306,0,0,0,0,57.97,331,57.91,334,57.88,335
335,Lafayette,57.67,5,14,68.30,286,0,1,0,1,57.21,335,58.31,332,58.28,333
336,Savannah State,57.42,6,12,67.60,309,0,2,0,2,57.08,337,57.89,335,58.30,332
337,Maine,57.35,4,17,68.91,262,0,1,0,2,57.80,334,56.47,338,56.49,338
338,St. Francis-NY,56.86,3,18,66.67,329,0,1,0,1,57.12,336,56.36,339,56.00,339
339,Alabama State,56.36,4,14,65.22,344,0,0,0,1,56.20,339,56.55,337,56.52,337
340,Central Connecticut St.,55.42,3,17,66.43,332,0,0,0,0,55.48,340,55.29,341,55.31,342
341,MVSU(Miss. Valley St.),55.42,3,17,71.63,144,0,3,0,6,55.44,342,55.32,340,55.47,340
342,Delaware State,55.35,3,16,69.40,236,0,0,0,2,55.46,341,55.11,342,55.20,343
343,Bethune-Cookman,54.90,2,15,65.34,342,0,0,0,0,55.11,343,54.49,346,54.26,347
344,Longwood,54.53,4,14,67.44,312,0,1,0,2,54.18,345,55.01,343,55.05,344
345,Ark.-Pine Bluff,54.45,4,15,68.32,284,0,0,0,1,54.27,344,54.69,345,55.04,345
346,Coppin State,53.88,4,15,70.76,180,0,0,0,3,53.09,348,54.89,344,55.33,341
347,Grambling State,53.82,5,12,65.18,346,0,1,0,1,53.59,347,54.13,347,54.66,346
348,NC A&T,53.45,0,18,66.33,333,0,1,0,1,54.11,346,52.06,349,51.49,350
349,Florida A&M,52.59,2,15,63.73,351,0,1,0,1,52.91,349,51.96,350,51.97,349
350,Presbyterian College,52.13,2,16,68.67,273,0,0,0,0,51.76,350,52.63,348,52.72,348
351,Alabama A&M,49.37,1,17,65.47,341,0,0,0,0,49.34,351,49.37,351,49.26,351
